 temperature H rH rH_cums
0 1.0000 -1065.1493 0.0000 0.0000
1 20.0000 -1065.1489 0.2334 0.2334
2 40.0000 -1065.1482 0.6921 0.9256
3 60.0000 -1065.1472 1.3410 2.2666
4 80.0000 -1065.1459 2.1473 4.4139
5 100.0000 -1065.1444 3.0886 7.5025
6 120.0000 -1065.1427 4.1478 11.6503
7 140.0000 -1065.1408 5.3175 16.9679
8 160.0000 -1065.1388 6.5932 23.5611
9 180.0000 -1065.1366 7.9750 31.5361
10 200.0000 -1065.1342 9.4654 41.0015
11 220.0000 -1065.1317 11.0674 52.0689
12 240.0000 -1065.1289 12.7868 64.8556
13 260.0000 -1065.1260 14.6279 79.4835
14 280.0000 -1065.1229 16.5945 96.0780
15 300.0000 -1065.1195 18.6904 114.7684
16 320.0000 -1065.1160 20.9180 135.6864
17 340.0000 -1065.1122 23.2775 158.9638
18 360.0000 -1065.1082 25.7699 184.7338
19 380.0000 -1065.1041 28.3935 213.1273
20 400.0000 -1065.0997 31.1471 244.2744
21 420.0000 -1065.0951 34.0280 278.3023
22 440.0000 -1065.0903 37.0331 315.3354
23 460.0000 -1065.0853 40.1594 355.4948
24 480.0000 -1065.0801 43.4036 398.8984
